# Generated with tom.py, revision 9d99e56f90553705992fbc8bd77fa487f91d32c2
# 
3.3111e-03 3.6583e-03 4.0056e-03 4.3528e-03 4.7000e-03 5.0472e-03 5.3944e-03 5.7417e-03
8.0000e-01 8.0000e-01 8.0000e-01 8.0000e-01 8.0000e-01 8.0000e-01 8.0000e-01 8.0000e-01
8.0000e-01 8.0000e-01 8.0000e-01 8.0000e-01 8.0000e-01 8.0000e-01 8.0000e-01 8.0000e-01
8.0000e-01 8.0000e-01 8.0000e-01 8.0000e-01 8.0000e-01 8.0000e-01 8.0000e-01 8.0000e-01
8.0000e-01 8.0000e-01 8.0000e-01 8.0000e-01 8.0000e-01 8.0000e-01 8.0000e-01 8.0000e-01
8.0000e-01 8.0000e-01 8.0000e-01 8.0000e-01 8.0000e-01 8.0000e-01 8.0000e-01 8.0000e-01
8.0000e-01 8.0000e-01 8.0000e-01 8.0000e-01 8.0000e-01 8.0000e-01 8.0000e-01 8.0000e-01
8.0000e-01 8.0000e-01 8.0000e-01 8.0000e-01 8.0000e-01 8.0000e-01 8.0000e-01 8.0000e-01
8.0000e-01 8.0000e-01 8.0000e-01 8.0000e-01 8.0000e-01 8.0000e-01 8.0000e-01 8.0000e-01
8.0000e-01 8.0000e-01 8.0000e-01 8.0000e-01 8.0000e-01 8.0000e-01 8.0000e-01 8.0000e-01
8.0000e-01 8.0000e-01 8.0000e-01 8.0000e-01 8.0000e-01 8.0000e-01 8.0000e-01 8.0000e-01
8.0000e-01 8.0000e-01 8.0000e-01 8.0000e-01 8.0000e-01 8.0000e-01 8.0000e-01 8.0000e-01
8.0000e-01 8.0000e-01 8.0000e-01 8.0000e-01 8.0000e-01 8.0000e-01 8.0000e-01 8.0000e-01
8.0000e-01 8.0000e-01 8.0000e-01 8.0000e-01 8.0000e-01 8.0000e-01 8.0000e-01 8.0000e-01
8.0000e-01 8.0000e-01 8.0000e-01 8.0000e-01 8.0000e-01 8.0000e-01 8.0000e-01 8.0000e-01
8.0000e-01 8.0000e-01 8.0000e-01 8.0000e-01 8.0000e-01 8.0000e-01 8.0000e-01 8.0000e-01
8.0000e-01 8.0000e-01 8.0000e-01 8.0000e-01 8.0000e-01 8.0000e-01 8.0000e-01 8.0000e-01
8.0000e-01 8.0000e-01 8.0000e-01 8.0000e-01 8.0000e-01 8.0000e-01 8.0000e-01 8.0000e-01
8.0000e-01 8.0000e-01 8.0000e-01 8.0000e-01 8.0000e-01 8.0000e-01 8.0000e-01 8.0000e-01
8.0000e-01 8.0000e-01 8.0000e-01 8.0000e-01 8.0000e-01 8.0000e-01 8.0000e-01 8.0000e-01
8.0000e-01 8.0000e-01 8.0000e-01 8.0000e-01 8.0000e-01 8.0000e-01 8.0000e-01 8.0000e-01
7.9999e-01 7.9999e-01 7.9999e-01 7.9999e-01 7.9999e-01 7.9999e-01 7.9999e-01 7.9999e-01
7.9997e-01 7.9997e-01 7.9997e-01 7.9997e-01 7.9996e-01 7.9996e-01 7.9996e-01 7.9996e-01
7.9992e-01 7.9992e-01 7.9991e-01 7.9990e-01 7.9990e-01 7.9989e-01 7.9988e-01 7.9988e-01
7.9980e-01 7.9978e-01 7.9976e-01 7.9974e-01 7.9972e-01 7.9970e-01 7.9969e-01 7.9967e-01
7.9949e-01 7.9945e-01 7.9940e-01 7.9935e-01 7.9930e-01 7.9926e-01 7.9921e-01 7.9916e-01
7.9884e-01 7.9873e-01 7.9861e-01 7.9850e-01 7.9839e-01 7.9828e-01 7.9816e-01 7.9805e-01
7.9754e-01 7.9729e-01 7.9705e-01 7.9680e-01 7.9656e-01 7.9631e-01 7.9606e-01 7.9582e-01
7.9519e-01 7.9470e-01 7.9421e-01 7.9371e-01 7.9322e-01 7.9272e-01 7.9223e-01 7.9174e-01
7.9134e-01 7.9043e-01 7.8952e-01 7.8861e-01 7.8770e-01 7.8679e-01 7.8588e-01 7.8497e-01
7.8560e-01 7.8406e-01 7.8252e-01 7.8098e-01 7.7943e-01 7.7789e-01 7.7635e-01 7.7481e-01
6.0000e-01 6.0000e-01 6.0000e-01 6.0000e-01 6.0000e-01 6.0000e-01 6.0000e-01 6.0000e-01
6.0000e-01 6.0000e-01 6.0000e-01 6.0000e-01 6.0000e-01 6.0000e-01 6.0000e-01 6.0000e-01
6.0000e-01 6.0000e-01 6.0000e-01 6.0000e-01 6.0000e-01 6.0000e-01 6.0000e-01 6.0000e-01
6.0000e-01 6.0000e-01 6.0000e-01 6.0000e-01 6.0000e-01 6.0000e-01 6.0000e-01 6.0000e-01
6.0000e-01 6.0000e-01 6.0000e-01 6.0000e-01 6.0000e-01 6.0000e-01 6.0000e-01 6.0000e-01
6.0000e-01 6.0000e-01 6.0000e-01 6.0000e-01 6.0000e-01 6.0000e-01 6.0000e-01 6.0000e-01
6.0000e-01 6.0000e-01 6.0000e-01 6.0000e-01 6.0000e-01 6.0000e-01 6.0000e-01 6.0000e-01
6.0000e-01 6.0000e-01 6.0000e-01 6.0000e-01 6.0000e-01 6.0000e-01 6.0000e-01 6.0000e-01
6.0000e-01 6.0000e-01 6.0000e-01 6.0000e-01 6.0000e-01 6.0000e-01 6.0000e-01 6.0000e-01
6.0000e-01 6.0000e-01 6.0000e-01 6.0000e-01 6.0000e-01 6.0000e-01 6.0000e-01 6.0000e-01
6.0000e-01 6.0000e-01 6.0000e-01 6.0000e-01 6.0000e-01 6.0000e-01 6.0000e-01 6.0000e-01
6.0000e-01 6.0000e-01 6.0000e-01 6.0000e-01 6.0000e-01 6.0000e-01 6.0000e-01 6.0000e-01
6.0000e-01 6.0000e-01 6.0000e-01 6.0000e-01 6.0000e-01 6.0000e-01 6.0000e-01 6.0000e-01
6.0000e-01 6.0000e-01 6.0000e-01 6.0000e-01 6.0000e-01 6.0000e-01 6.0000e-01 6.0000e-01
6.0000e-01 6.0000e-01 6.0000e-01 6.0000e-01 6.0000e-01 6.0000e-01 6.0000e-01 6.0000e-01
6.0001e-01 6.0001e-01 6.0001e-01 6.0001e-01 6.0001e-01 6.0001e-01 6.0001e-01 6.0001e-01
6.0001e-01 6.0001e-01 6.0001e-01 6.0001e-01 6.0001e-01 6.0001e-01 6.0002e-01 6.0002e-01
6.0002e-01 6.0002e-01 6.0002e-01 6.0003e-01 6.0003e-01 6.0003e-01 6.0003e-01 6.0003e-01
6.0004e-01 6.0004e-01 6.0005e-01 6.0005e-01 6.0005e-01 6.0006e-01 6.0006e-01 6.0006e-01
6.0008e-01 6.0008e-01 6.0009e-01 6.0010e-01 6.0010e-01 6.0011e-01 6.0012e-01 6.0012e-01
6.0014e-01 6.0015e-01 6.0016e-01 6.0017e-01 6.0019e-01 6.0020e-01 6.0021e-01 6.0022e-01
6.0024e-01 6.0026e-01 6.0028e-01 6.0030e-01 6.0033e-01 6.0035e-01 6.0037e-01 6.0039e-01
6.0040e-01 6.0044e-01 6.0048e-01 6.0052e-01 6.0055e-01 6.0059e-01 6.0063e-01 6.0067e-01
6.0065e-01 6.0072e-01 6.0078e-01 6.0084e-01 6.0091e-01 6.0097e-01 6.0103e-01 6.0110e-01
6.0102e-01 6.0113e-01 6.0123e-01 6.0133e-01 6.0143e-01 6.0154e-01 6.0164e-01 6.0174e-01
6.0156e-01 6.0171e-01 6.0187e-01 6.0203e-01 6.0219e-01 6.0235e-01 6.0250e-01 6.0266e-01
6.0229e-01 6.0252e-01 6.0276e-01 6.0299e-01 6.0323e-01 6.0347e-01 6.0370e-01 6.0394e-01
6.0325e-01 6.0359e-01 6.0393e-01 6.0427e-01 6.0461e-01 6.0495e-01 6.0529e-01 6.0563e-01
6.0447e-01 6.0495e-01 6.0542e-01 6.0590e-01 6.0637e-01 6.0685e-01 6.0732e-01 6.0780e-01
6.0598e-01 6.0662e-01 6.0726e-01 6.0790e-01 6.0854e-01 6.0918e-01 6.0982e-01 6.1046e-01
1.0836e+00 1.0925e+00 1.1013e+00 1.1102e+00 1.1191e+00 1.1279e+00 1.1368e+00 1.1457e+00
1.0834e+00 1.0923e+00 1.1011e+00 1.1100e+00 1.1188e+00 1.1277e+00 1.1365e+00 1.1454e+00
1.0830e+00 1.0918e+00 1.1006e+00 1.1094e+00 1.1183e+00 1.1271e+00 1.1359e+00 1.1447e+00
1.0824e+00 1.0912e+00 1.0999e+00 1.1087e+00 1.1174e+00 1.1262e+00 1.1349e+00 1.1437e+00
1.0816e+00 1.0903e+00 1.0989e+00 1.1076e+00 1.1162e+00 1.1249e+00 1.1336e+00 1.1423e+00
1.0805e+00 1.0890e+00 1.0976e+00 1.1062e+00 1.1147e+00 1.1233e+00 1.1319e+00 1.1404e+00
1.0791e+00 1.0875e+00 1.0959e+00 1.1044e+00 1.1128e+00 1.1212e+00 1.1296e+00 1.1381e+00
1.0774e+00 1.0856e+00 1.0939e+00 1.1021e+00 1.1104e+00 1.1186e+00 1.1269e+00 1.1352e+00
1.0753e+00 1.0833e+00 1.0914e+00 1.0994e+00 1.1075e+00 1.1155e+00 1.1235e+00 1.1316e+00
1.0728e+00 1.0806e+00 1.0884e+00 1.0961e+00 1.1039e+00 1.1117e+00 1.1195e+00 1.1273e+00
1.0699e+00 1.0773e+00 1.0848e+00 1.0922e+00 1.0997e+00 1.1072e+00 1.1147e+00 1.1222e+00
1.0663e+00 1.0734e+00 1.0805e+00 1.0876e+00 1.0947e+00 1.1018e+00 1.1090e+00 1.1161e+00
1.0622e+00 1.0689e+00 1.0756e+00 1.0822e+00 1.0889e+00 1.0956e+00 1.1022e+00 1.1089e+00
1.0575e+00 1.0636e+00 1.0698e+00 1.0759e+00 1.0821e+00 1.0882e+00 1.0944e+00 1.1005e+00
1.0519e+00 1.0575e+00 1.0630e+00 1.0686e+00 1.0742e+00 1.0797e+00 1.0853e+00 1.0909e+00
1.0456e+00 1.0505e+00 1.0553e+00 1.0602e+00 1.0651e+00 1.0700e+00 1.0748e+00 1.0797e+00
1.0383e+00 1.0424e+00 1.0465e+00 1.0506e+00 1.0547e+00 1.0588e+00 1.0629e+00 1.0670e+00
1.0301e+00 1.0333e+00 1.0365e+00 1.0397e+00 1.0429e+00 1.0461e+00 1.0493e+00 1.0525e+00
1.0208e+00 1.0230e+00 1.0252e+00 1.0274e+00 1.0296e+00 1.0318e+00 1.0340e+00 1.0362e+00
1.0104e+00 1.0115e+00 1.0126e+00 1.0137e+00 1.0147e+00 1.0158e+00 1.0169e+00 1.0179e+00
1.0042e+00 1.0046e+00 1.0051e+00 1.0055e+00 1.0059e+00 1.0063e+00 1.0067e+00 1.0071e+00
1.0037e+00 1.0041e+00 1.0045e+00 1.0048e+00 1.0052e+00 1.0055e+00 1.0059e+00 1.0062e+00
1.0033e+00 1.0036e+00 1.0039e+00 1.0042e+00 1.0045e+00 1.0048e+00 1.0051e+00 1.0054e+00
1.0028e+00 1.0031e+00 1.0033e+00 1.0036e+00 1.0038e+00 1.0041e+00 1.0043e+00 1.0046e+00
1.0023e+00 1.0025e+00 1.0028e+00 1.0030e+00 1.0032e+00 1.0034e+00 1.0036e+00 1.0037e+00
1.0019e+00 1.0020e+00 1.0022e+00 1.0023e+00 1.0025e+00 1.0026e+00 1.0028e+00 1.0029e+00
1.0014e+00 1.0015e+00 1.0016e+00 1.0017e+00 1.0018e+00 1.0019e+00 1.0020e+00 1.0021e+00
1.0009e+00 1.0010e+00 1.0010e+00 1.0011e+00 1.0011e+00 1.0012e+00 1.0012e+00 1.0013e+00
1.0004e+00 1.0005e+00 1.0005e+00 1.0005e+00 1.0005e+00 1.0005e+00 1.0004e+00 1.0004e+00
9.9996e-01 9.9993e-01 9.9989e-01 9.9984e-01 9.9979e-01 9.9973e-01 9.9967e-01 9.9960e-01
9.9949e-01 9.9940e-01 9.9931e-01 9.9922e-01 9.9911e-01 9.9900e-01 9.9889e-01 9.9877e-01
9.9902e-01 9.9888e-01 9.9874e-01 9.9859e-01 9.9844e-01 9.9828e-01 9.9811e-01 9.9794e-01
9.9855e-01 9.9836e-01 9.9816e-01 9.9797e-01 9.9776e-01 9.9755e-01 9.9733e-01 9.9711e-01
9.9807e-01 9.9783e-01 9.9759e-01 9.9734e-01 9.9708e-01 9.9682e-01 9.9655e-01 9.9628e-01
9.9760e-01 9.9731e-01 9.9701e-01 9.9671e-01 9.9640e-01 9.9609e-01 9.9577e-01 9.9545e-01
9.9712e-01 9.9678e-01 9.9644e-01 9.9608e-01 9.9572e-01 9.9536e-01 9.9499e-01 9.9461e-01
9.9665e-01 9.9626e-01 9.9586e-01 9.9545e-01 9.9504e-01 9.9463e-01 9.9421e-01 9.9378e-01
9.9617e-01 9.9573e-01 9.9528e-01 9.9482e-01 9.9436e-01 9.9389e-01 9.9342e-01 9.9294e-01
9.9569e-01 9.9520e-01 9.9470e-01 9.9419e-01 9.9368e-01 9.9316e-01 9.9263e-01 9.9210e-01
9.9521e-01 9.9467e-01 9.9411e-01 9.9355e-01 9.9299e-01 9.9242e-01 9.9184e-01 9.9126e-01
9.8903e-01 9.8782e-01 9.8660e-01 9.8537e-01 9.8414e-01 9.8290e-01 9.8165e-01 9.8040e-01
9.7865e-01 9.7633e-01 9.7399e-01 9.7165e-01 9.6931e-01 9.6696e-01 9.6460e-01 9.6224e-01
9.6948e-01 9.6618e-01 9.6287e-01 9.5956e-01 9.5624e-01 9.5292e-01 9.4959e-01 9.4626e-01
9.6140e-01 9.5724e-01 9.5308e-01 9.4892e-01 9.4475e-01 9.4059e-01 9.3642e-01 9.3224e-01
9.5431e-01 9.4941e-01 9.4451e-01 9.3960e-01 9.3470e-01 9.2979e-01 9.2489e-01 9.1998e-01
9.4811e-01 9.4257e-01 9.3702e-01 9.3148e-01 9.2593e-01 9.2039e-01 9.1484e-01 9.0930e-01
9.4273e-01 9.3662e-01 9.3052e-01 9.2441e-01 9.1831e-01 9.1222e-01 9.0612e-01 9.0003e-01
9.3806e-01 9.3147e-01 9.2489e-01 9.1831e-01 9.1173e-01 9.0515e-01 8.9858e-01 8.9201e-01
9.3404e-01 9.2704e-01 9.2004e-01 9.1305e-01 9.0606e-01 8.9908e-01 8.9210e-01 8.8512e-01
9.3060e-01 9.2325e-01 9.1590e-01 9.0855e-01 9.0121e-01 8.9388e-01 8.8655e-01 8.7923e-01
9.2768e-01 9.2002e-01 9.1237e-01 9.0473e-01 8.9709e-01 8.8946e-01 8.8184e-01 8.7422e-01
9.2520e-01 9.1730e-01 9.0940e-01 9.0150e-01 8.9362e-01 8.8573e-01 8.7786e-01 8.6999e-01
9.2314e-01 9.1502e-01 9.0691e-01 8.9881e-01 8.9071e-01 8.8262e-01 8.7453e-01 8.6645e-01
9.2143e-01 9.1314e-01 9.0485e-01 8.9658e-01 8.8830e-01 8.8004e-01 8.7178e-01 8.6353e-01
9.2003e-01 9.1160e-01 9.0318e-01 8.9476e-01 8.8635e-01 8.7794e-01 8.6954e-01 8.6115e-01
9.1893e-01 9.1038e-01 9.0185e-01 8.9332e-01 8.8479e-01 8.7627e-01 8.6776e-01 8.5925e-01
9.1807e-01 9.0944e-01 9.0082e-01 8.9221e-01 8.8359e-01 8.7499e-01 8.6639e-01 8.5779e-01
9.1745e-01 9.0876e-01 9.0008e-01 8.9140e-01 8.8272e-01 8.7405e-01 8.6539e-01 8.5673e-01
9.1705e-01 9.0832e-01 8.9959e-01 8.9087e-01 8.8216e-01 8.7345e-01 8.6474e-01 8.5604e-01
9.1685e-01 9.0810e-01 8.9935e-01 8.9061e-01 8.8188e-01 8.7315e-01 8.6442e-01 8.5570e-01
